cairo-compile pedersen.cairo --output pedersen_compiled.json
cairo-run --program=pedersen_compiled.json --print_output --layout=small --print_info --relocate_prints --print_memory
Addr  Value
-----------
0     1226245742482522112
1     21
2     74168662805676031
3     0
4     290341444919459839
5     1
6     2345108766317314046
7     4612671182993063932
8     4612671187288031229
9     5198983563776327680
10    3
11    5188850468909711360
12    2345108766317314046
13    5191102242953854976
14    5188850460319907840
15    5188850464614875136
16    1226245742482522112
17    -9
18    5193354051357474816
19    5193354051357474816
20    2345108766317314046
21    290341444919459839
22    1
23    1226245742482522112
24    -19
25    4617174778325729280
26    5189976364521848832
27    314
28    4612389708016680959
29    5189976364521848832
30    159
31    4612389712311648255
32    5191102247248822272
33    5191102260133724160
34    1226245742482522112
35    -21
36    4612389708016418815
37    5198983563776393216
38    1
39    5193354047062507520
40    2345108766317314046
41    66
42    67
43    70
44    70
45    70
46    45
47    25
48    70
49    314
50    159
51    67
52    70
53    45
54    36
55    67
56    314
57    159
58    55
59    18
60    70
61    307958720726328212653290369969069617958360335228383070119367204176047090109
62    70
63    307958720726328212653290369969069617958360335228383070119367204176047090109
64    67
65    70
66    307958720726328212653290369969069617958360335228383070119367204176047090109
67    314
68    159
69    307958720726328212653290369969069617958360335228383070119367204176047090109
70    314
71    159

Program output:
  307958720726328212653290369969069617958360335228383070119367204176047090109

Number of steps: 28 (originally, 28)
Used memory cells: 72
Register values after execution:
pc = 70
ap = 66
fp = 70
    
Segment relocation table:
0     0
1     41
2     66
3     67
4     70
5     70
6     70
